Collinsella Aerofaciens	Collinsella Pronvencensis	Collinsella Intestinalis	Senegalimassilia Anaerobia	Senegalimassilia Faecalis
0.931	0.956	0.96	0.932	0.932
0.924	0.922	0.956	0.924	0.924
0.923	0.919	0.952	0.916	0.916
0.92	0.909	0.946	0.909	0.909
0.917	0.908	0.946	0.897	0.897
0.897	0.908	0.942	0.897	0.897
0.895	0.902	0.936	0.894	0.894
0.889	0.899	0.936	0.892	0.892
0.888	0.898	0.921	0.892	0.892
0.887	0.898	0.912	0.889	0.889
0.887	0.896	0.91	0.883	0.883
0.886	0.894	0.904	0.88	0.88
0.886	0.894	0.903	0.879	0.879
0.883	0.894	0.901	0.878	0.878
0.881	0.893	0.898	0.876	0.876
0.879	0.892	0.897	0.875	0.875
0.879	0.891	0.895	0.875	0.875
0.878	0.889	0.892	0.875	0.875
0.878	0.888	0.89	0.875	0.875
0.877	0.888	0.888	0.874	0.874
0.877	0.887	0.888	0.874	0.874
0.876	0.886	0.888	0.873	0.873
0.876	0.885	0.887	0.873	0.873
0.874	0.885	0.884	0.872	0.872
0.874	0.885	0.884	0.872	0.872
0.873	0.884	0.884	0.872	0.872
0.872	0.884	0.883	0.872	0.872
0.871	0.884	0.883	0.871	0.871
0.871	0.884	0.881	0.871	0.871
0.871	0.883	0.88	0.871	0.871
0.871	0.881	0.88	0.871	0.871
0.871	0.88	0.88	0.871	0.871
0.87	0.88	0.878	0.87	0.87
0.87	0.88	0.876	0.869	0.869
0.87	0.879	0.876	0.869	0.869
0.87	0.878	0.875	0.869	0.869
0.869	0.878	0.875	0.868	0.868
0.868	0.878	0.875	0.868	0.868
0.867	0.878	0.874	0.866	0.866
0.867	0.878	0.874	0.866	0.866
0.866	0.876	0.874	0.865	0.865
0.866	0.876	0.873	0.865	0.865
0.865	0.876	0.872	0.865	0.865
0.865	0.875	0.871	0.864	0.864
0.864	0.874	0.869	0.864	0.864
0.863	0.874	0.869	0.864	0.864
0.863	0.873	0.869	0.863	0.863
0.862	0.873	0.869	0.863	0.863
0.862	0.873	0.868	0.862	0.862
0.862	0.873	0.867	0.862	0.862
0.862	0.872	0.867	0.861	0.861
0.862	0.872	0.866	0.86	0.86
0.861	0.872	0.866	0.86	0.86
0.861	0.871	0.865	0.86	0.86
0.861	0.87	0.864	0.859	0.859
0.86	0.87	0.863	0.858	0.858
0.86	0.869	0.863	0.858	0.858
0.858	0.869	0.863	0.858	0.858
0.857	0.868	0.862	0.858	0.858
0.857	0.866	0.862	0.857	0.857
0.856	0.865	0.862	0.857	0.857
0.856	0.865	0.858	0.857	0.857
0.855	0.865	0.858	0.856	0.856
0.855	0.863	0.858	0.856	0.856
0.855	0.863	0.858	0.856	0.856
0.853	0.862	0.857	0.856	0.856
0.853	0.861	0.857	0.856	0.856
0.853	0.861	0.856	0.856	0.856
0.853	0.86	0.856	0.855	0.855
0.853	0.86	0.856	0.855	0.855
0.852	0.86	0.855	0.855	0.855
0.852	0.86	0.854	0.855	0.855
0.852	0.859	0.854	0.855	0.855
0.852	0.859	0.853	0.854	0.854
0.852	0.859	0.852	0.854	0.854
0.852	0.858	0.852	0.854	0.854
0.851	0.857	0.851	0.853	0.853
0.851	0.856	0.851	0.852	0.852
0.851	0.856	0.851	0.851	0.851
0.851	0.856	0.851	0.851	0.851
0.851	0.856	0.851	0.851	0.851
0.85	0.856	0.851	0.851	0.851
0.85	0.855	0.85	0.85	0.85
0.85	0.855	0.85	0.85	0.85
0.849	0.854	0.85	0.85	0.85
0.849	0.854	0.85	0.849	0.849
0.849	0.854	0.849	0.849	0.849
0.849	0.854	0.849	0.849	0.849
0.849	0.853	0.848	0.848	0.848
0.848	0.852	0.848	0.848	0.848
0.848	0.852	0.847	0.848	0.848
0.848	0.852	0.847	0.847	0.847
0.848	0.852	0.847	0.847	0.847
0.848	0.852	0.847	0.847	0.847
0.847	0.851	0.846	0.846	0.846
0.847	0.851	0.846	0.846	0.846
0.847	0.85	0.845	0.846	0.846
0.847	0.849	0.844	0.846	0.846
0.847	0.848	0.843	0.846	0.846
0.846	0.848	0.843	0.845	0.845
0.846	0.848	0.842	0.845	0.845
0.845	0.847	0.842	0.845	0.845
0.845	0.847	0.841	0.845	0.845
0.845	0.847	0.841	0.845	0.845
0.845	0.847	0.84	0.844	0.844
0.845	0.846	0.84	0.844	0.844
0.845	0.846	0.84	0.844	0.844
0.845	0.846	0.84	0.844	0.844
0.845	0.846	0.839	0.844	0.844
0.844	0.846	0.839	0.843	0.843
0.844	0.845	0.839	0.843	0.843
0.844	0.845	0.839	0.843	0.843
0.844	0.845	0.839	0.843	0.843
0.844	0.845	0.839	0.842	0.842
0.843	0.845	0.838	0.842	0.842
0.843	0.844	0.838	0.842	0.842
0.843	0.844	0.838	0.842	0.842
0.843	0.843	0.838	0.842	0.842
0.842	0.843	0.836	0.841	0.841
0.842	0.843	0.836	0.841	0.841
0.842	0.842	0.835	0.841	0.841
0.842	0.842	0.835	0.841	0.841
0.842	0.842	0.834	0.84	0.84
0.841	0.841	0.834	0.839	0.839
0.841	0.841	0.833	0.839	0.839
0.841	0.841	0.833	0.839	0.839
0.841	0.841	0.832	0.839	0.839
0.841	0.841	0.832	0.839	0.839
0.841	0.84	0.832	0.838	0.838
0.84	0.84	0.832	0.838	0.838
0.839	0.84	0.832	0.838	0.838
0.839	0.84	0.831	0.838	0.838
0.839	0.84	0.831	0.838	0.838
0.839	0.84	0.83	0.838	0.838
0.839	0.84	0.829	0.838	0.838
0.838	0.84	0.829	0.837	0.837
0.838	0.84	0.829	0.837	0.837
0.838	0.839	0.829	0.837	0.837
0.837	0.839	0.829	0.837	0.837
0.836	0.839	0.828	0.837	0.837
0.835	0.839	0.828	0.837	0.837
0.835	0.839	0.828	0.837	0.837
0.835	0.839	0.828	0.837	0.837
0.834	0.838	0.828	0.837	0.837
0.834	0.838	0.828	0.836	0.836
0.834	0.837	0.827	0.836	0.836
0.834	0.837	0.827	0.835	0.835
0.834	0.837	0.827	0.835	0.835
0.833	0.837	0.827	0.835	0.835
0.833	0.837	0.827	0.835	0.835
0.833	0.837	0.826	0.835	0.835
0.832	0.836	0.826	0.835	0.835
0.832	0.836	0.826	0.834	0.834
0.831	0.836	0.826	0.834	0.834
0.831	0.835	0.825	0.834	0.834
0.831	0.835	0.825	0.834	0.834
0.831	0.835	0.824	0.834	0.834
0.831	0.835	0.824	0.833	0.833
0.831	0.834	0.824	0.833	0.833
0.83	0.834	0.824	0.833	0.833
0.83	0.833	0.824	0.833	0.833
0.83	0.833	0.823	0.832	0.832
0.83	0.833	0.823	0.832	0.832
0.829	0.832	0.823	0.832	0.832
0.829	0.832	0.823	0.832	0.832
0.829	0.832	0.823	0.832	0.832
0.829	0.832	0.822	0.832	0.832
0.829	0.832	0.822	0.832	0.832
0.828	0.832	0.821	0.831	0.831
0.828	0.832	0.821	0.831	0.831
0.828	0.832	0.821	0.831	0.831
0.828	0.831	0.82	0.831	0.831
0.828	0.831	0.82	0.831	0.831
0.828	0.831	0.82	0.83	0.83
0.828	0.831	0.82	0.83	0.83
0.827	0.831	0.82	0.83	0.83
0.827	0.831	0.819	0.829	0.829
0.827	0.83	0.819	0.829	0.829
0.827	0.83	0.819	0.829	0.829
0.827	0.83	0.818	0.829	0.829
0.827	0.83	0.817	0.829	0.829
0.826	0.83	0.817	0.829	0.829
0.826	0.83	0.817	0.829	0.829
0.826	0.83	0.817	0.829	0.829
0.826	0.829	0.817	0.828	0.828
0.826	0.829	0.817	0.828	0.828
0.825	0.829	0.816	0.828	0.828
0.825	0.829	0.816	0.828	0.828
0.825	0.829	0.815	0.828	0.828
0.825	0.828	0.815	0.828	0.828
0.825	0.828	0.814	0.828	0.828
0.825	0.828	0.814	0.828	0.828
0.824	0.828	0.814	0.828	0.828
0.824	0.828	0.814	0.828	0.828
0.824	0.827	0.814	0.828	0.828
0.824	0.827	0.814	0.827	0.827
0.824	0.827	0.814	0.827	0.827
0.824	0.827	0.813	0.827	0.827
0.824	0.826	0.813	0.827	0.827
0.824	0.826	0.812	0.827	0.827
0.823	0.826	0.812	0.827	0.827
0.823	0.826	0.812	0.826	0.826
0.822	0.826	0.811	0.826	0.826
0.822	0.826	0.811	0.826	0.826
0.822	0.825	0.811	0.826	0.826
0.821	0.825	0.81	0.826	0.826
0.821	0.824	0.81	0.826	0.826
0.821	0.824	0.81	0.826	0.826
0.821	0.824	0.81	0.825	0.825
0.82	0.824	0.809	0.825	0.825
0.82	0.824	0.807	0.825	0.825
0.82	0.824	0.807	0.825	0.825
0.82	0.823	0.807	0.825	0.825
0.82	0.823	0.807	0.825	0.825
0.819	0.823	0.807	0.825	0.825
0.819	0.823	0.807	0.825	0.825
0.819	0.822	0.806	0.824	0.824
0.819	0.822	0.806	0.824	0.824
0.819	0.822	0.806	0.824	0.824
0.819	0.822	0.806	0.824	0.824
0.819	0.822	0.806	0.824	0.824
0.819	0.822	0.805	0.824	0.824
0.819	0.821	0.805	0.824	0.824
0.819	0.821	0.805	0.824	0.824
0.818	0.821	0.804	0.824	0.824
0.818	0.82	0.804	0.824	0.824
0.818	0.82	0.804	0.823	0.823
0.818	0.82	0.804	0.823	0.823
0.818	0.82	0.803	0.823	0.823
0.818	0.819	0.803	0.823	0.823
0.818	0.819	0.803	0.823	0.823
0.818	0.819	0.803	0.823	0.823
0.818	0.819	0.803	0.822	0.822
0.818	0.818	0.802	0.822	0.822
0.817	0.818	0.802	0.822	0.822
0.817	0.817	0.802	0.822	0.822
0.817	0.817	0.802	0.822	0.822
0.817	0.817	0.801	0.822	0.822
0.817	0.817	0.801	0.822	0.822
0.817	0.816	0.801	0.821	0.821
0.817	0.816	0.8	0.821	0.821
0.817	0.816	0.8	0.821	0.821
0.817	0.816	0.799	0.821	0.821
0.817	0.816	0.799	0.82	0.82
0.817	0.816	0.798	0.82	0.82
0.816	0.816	0.798	0.82	0.82
0.816	0.815	0.798	0.82	0.82
0.816	0.815	0.798	0.82	0.82
0.816	0.814	0.798	0.819	0.819
0.815	0.814	0.798	0.819	0.819
0.815	0.814	0.798	0.819	0.819
0.815	0.814	0.797	0.819	0.819
0.815	0.814	0.797	0.819	0.819
0.815	0.813	0.797	0.819	0.819
0.815	0.813	0.797	0.818	0.818
0.815	0.812	0.796	0.818	0.818
0.814	0.812	0.796	0.818	0.818
0.814	0.812	0.796	0.818	0.818
0.814	0.811	0.796	0.818	0.818
0.814	0.811	0.796	0.818	0.818
0.814	0.811	0.796	0.818	0.818
0.814	0.811	0.796	0.817	0.817
0.814	0.811	0.796	0.817	0.817
0.814	0.811	0.795	0.817	0.817
0.813	0.811	0.795	0.817	0.817
0.813	0.81	0.795	0.817	0.817
0.813	0.81	0.795	0.817	0.817
0.813	0.809	0.794	0.817	0.817
0.813	0.809	0.794	0.816	0.816
0.813	0.809	0.794	0.816	0.816
0.812	0.809	0.793	0.816	0.816
0.812	0.809	0.793	0.816	0.816
0.812	0.808	0.793	0.815	0.815
0.811	0.808	0.793	0.815	0.815
0.811	0.808	0.793	0.815	0.815
0.81	0.808	0.792	0.815	0.815
0.81	0.808	0.791	0.815	0.815
0.81	0.808	0.791	0.815	0.815
0.81	0.808	0.791	0.815	0.815
0.81	0.807	0.791	0.815	0.815
0.81	0.807	0.791	0.815	0.815
0.81	0.807	0.79	0.815	0.815
0.81	0.806	0.79	0.814	0.814
0.81	0.806	0.79	0.814	0.814
0.81	0.806	0.79	0.814	0.814
0.809	0.806	0.79	0.814	0.814
0.809	0.805	0.789	0.814	0.814
0.809	0.805	0.789	0.814	0.814
0.809	0.805	0.788	0.814	0.814
0.809	0.804	0.788	0.814	0.814
0.808	0.804	0.788	0.814	0.814
0.808	0.804	0.788	0.814	0.814
0.808	0.804	0.788	0.814	0.814
0.808	0.804	0.787	0.814	0.814
0.808	0.803	0.787	0.814	0.814
0.808	0.803	0.787	0.814	0.814
0.808	0.803	0.787	0.814	0.814
0.808	0.803	0.787	0.813	0.813
0.807	0.803	0.786	0.813	0.813
0.807	0.802	0.786	0.813	0.813
0.807	0.802	0.786	0.813	0.813
0.807	0.801	0.785	0.813	0.813
0.807	0.8	0.785	0.813	0.813
0.806	0.8	0.785	0.813	0.813
0.806	0.8	0.785	0.813	0.813
0.805	0.799	0.785	0.813	0.813
0.805	0.799	0.784	0.813	0.813
0.805	0.798	0.784	0.813	0.813
0.805	0.798	0.784	0.812	0.812
0.805	0.798	0.784	0.812	0.812
0.805	0.797	0.784	0.812	0.812
0.805	0.797	0.784	0.812	0.812
0.804	0.797	0.784	0.812	0.812
0.804	0.797	0.783	0.812	0.812
0.804	0.797	0.783	0.812	0.812
0.804	0.797	0.783	0.811	0.811
0.803	0.797	0.783	0.811	0.811
0.803	0.796	0.783	0.811	0.811
0.803	0.796	0.782	0.811	0.811
0.803	0.796	0.782	0.811	0.811
0.803	0.796	0.781	0.811	0.811
0.803	0.796	0.781	0.811	0.811
0.803	0.796	0.781	0.811	0.811
0.803	0.796	0.781	0.81	0.81
0.803	0.796	0.78	0.81	0.81
0.803	0.796	0.78	0.81	0.81
0.802	0.796	0.78	0.81	0.81
0.802	0.795	0.78	0.81	0.81
0.802	0.795	0.779	0.81	0.81
0.802	0.795	0.779	0.81	0.81
0.802	0.795	0.779	0.81	0.81
0.802	0.795	0.779	0.81	0.81
0.802	0.794	0.779	0.81	0.81
0.801	0.794	0.778	0.809	0.809
0.801	0.793	0.778	0.809	0.809
0.801	0.792	0.778	0.809	0.809
0.801	0.792	0.778	0.809	0.809
0.801	0.792	0.778	0.809	0.809
0.801	0.792	0.778	0.808	0.808
0.801	0.792	0.777	0.808	0.808
0.801	0.792	0.777	0.808	0.808
0.8	0.791	0.777	0.808	0.808
0.8	0.79	0.777	0.808	0.808
0.8	0.789	0.776	0.808	0.808
0.8	0.789	0.776	0.808	0.808
0.8	0.789	0.776	0.808	0.808
0.8	0.789	0.776	0.808	0.808
0.8	0.789	0.776	0.808	0.808
0.8	0.789	0.775	0.807	0.807
0.8	0.788	0.775	0.807	0.807
0.8	0.788	0.775	0.807	0.807
0.799	0.788	0.775	0.807	0.807
0.799	0.787	0.775	0.807	0.807
0.799	0.787	0.775	0.807	0.807
0.799	0.787	0.774	0.807	0.807
0.799	0.787	0.774	0.807	0.807
0.799	0.787	0.774	0.807	0.807
0.799	0.787	0.774	0.806	0.806
0.798	0.787	0.774	0.806	0.806
0.798	0.787	0.773	0.806	0.806
0.798	0.787	0.773	0.806	0.806
0.798	0.786	0.773	0.806	0.806
0.798	0.786	0.773	0.806	0.806
0.798	0.786	0.773	0.806	0.806
0.798	0.785	0.773	0.806	0.806
0.798	0.785	0.772	0.806	0.806
0.798	0.785	0.772	0.806	0.806
0.797	0.785	0.772	0.805	0.805
0.797	0.785	0.772	0.805	0.805
0.797	0.784	0.771	0.805	0.805
0.797	0.784	0.771	0.805	0.805
0.797	0.784	0.771	0.805	0.805
0.797	0.784	0.771	0.805	0.805
0.797	0.784	0.771	0.805	0.805
0.797	0.784	0.771	0.805	0.805
0.796	0.784	0.77	0.804	0.804
0.796	0.784	0.77	0.804	0.804
0.796	0.783	0.77	0.804	0.804
0.796	0.783	0.77	0.804	0.804
0.796	0.783	0.77	0.804	0.804
0.796	0.783	0.77	0.804	0.804
0.796	0.783	0.769	0.804	0.804
0.796	0.782	0.769	0.804	0.804
0.796	0.782	0.769	0.804	0.804
0.796	0.782	0.769	0.803	0.803
0.796	0.781	0.768	0.803	0.803
0.796	0.781	0.768	0.803	0.803
0.795	0.781	0.768	0.803	0.803
0.795	0.781	0.767	0.803	0.803
0.795	0.781	0.767	0.803	0.803
0.795	0.781	0.767	0.803	0.803
0.795	0.781	0.767	0.803	0.803
0.795	0.781	0.767	0.803	0.803
0.795	0.781	0.767	0.803	0.803
0.794	0.781	0.767	0.802	0.802
0.794	0.78	0.766	0.802	0.802
0.794	0.779	0.766	0.802	0.802
0.794	0.779	0.765	0.802	0.802
0.794	0.778	0.765	0.802	0.802
0.794	0.778	0.765	0.802	0.802
0.793	0.778	0.765	0.802	0.802
0.793	0.778	0.765	0.802	0.802
0.793	0.778	0.764	0.802	0.802
0.793	0.778	0.764	0.802	0.802
0.793	0.778	0.764	0.802	0.802
0.793	0.778	0.763	0.802	0.802
0.793	0.778	0.763	0.802	0.802
0.792	0.778	0.763	0.802	0.802
0.792	0.777	0.763	0.801	0.801
0.792	0.777	0.763	0.801	0.801
0.791	0.777	0.762	0.801	0.801
0.791	0.777	0.762	0.801	0.801
0.791	0.777	0.762	0.801	0.801
0.791	0.777	0.762	0.801	0.801
0.791	0.776	0.762	0.801	0.801
0.79	0.776	0.761	0.801	0.801
0.79	0.776	0.761	0.801	0.801
0.79	0.776	0.761	0.801	0.801
0.79	0.775	0.76	0.8	0.8
0.79	0.775	0.76	0.8	0.8
0.79	0.775	0.76	0.8	0.8
0.789	0.775	0.76	0.8	0.8
0.789	0.775	0.759	0.8	0.8
0.789	0.774	0.759	0.8	0.8
0.789	0.774	0.759	0.8	0.8
0.789	0.774	0.758	0.8	0.8
0.789	0.774	0.758	0.799	0.799
0.789	0.773	0.758	0.799	0.799
0.789	0.773	0.758	0.799	0.799
0.789	0.773	0.758	0.799	0.799
0.789	0.773	0.758	0.799	0.799
0.788	0.772	0.758	0.799	0.799
0.788	0.772	0.758	0.798	0.798
0.788	0.772	0.757	0.798	0.798
0.788	0.772	0.757	0.798	0.798
0.788	0.771	0.757	0.798	0.798
0.788	0.771	0.757	0.798	0.798
0.788	0.771	0.756	0.798	0.798
0.788	0.771	0.756	0.798	0.798
0.788	0.771	0.756	0.798	0.798
0.787	0.771	0.756	0.798	0.798
0.787	0.771	0.756	0.798	0.798
0.787	0.771	0.756	0.797	0.797
0.787	0.771	0.756	0.797	0.797
0.787	0.771	0.756	0.797	0.797
0.787	0.77	0.756	0.797	0.797
0.787	0.77	0.755	0.797	0.797
0.787	0.77	0.755	0.797	0.797
0.786	0.77	0.755	0.797	0.797
0.786	0.77	0.754	0.797	0.797
0.786	0.77	0.754	0.797	0.797
0.786	0.77	0.754	0.797	0.797
0.786	0.77	0.754	0.797	0.797
0.786	0.77	0.753	0.797	0.797
0.786	0.769	0.753	0.797	0.797
0.785	0.768	0.753	0.797	0.797
0.785	0.768	0.753	0.797	0.797
0.785	0.768	0.753	0.796	0.796
0.785	0.768	0.752	0.796	0.796
0.785	0.768	0.752	0.796	0.796
0.785	0.768	0.752	0.796	0.796
0.785	0.767	0.752	0.796	0.796
0.785	0.767	0.752	0.796	0.796
0.785	0.767	0.752	0.796	0.796
0.784	0.767	0.752	0.796	0.796
0.784	0.766	0.751	0.796	0.796
0.784	0.766	0.751	0.796	0.796
0.784	0.766	0.751	0.796	0.796
0.784	0.766	0.751	0.796	0.796
0.784	0.766	0.751	0.796	0.796
0.784	0.766	0.751	0.795	0.795
0.783	0.766	0.75	0.795	0.795
0.783	0.766	0.75	0.795	0.795
0.783	0.766	0.75	0.795	0.795
0.783	0.765	0.75	0.795	0.795
0.782	0.765	0.75	0.795	0.795
0.782	0.765	0.749	0.795	0.795
0.782	0.765	0.749	0.795	0.795
0.782	0.764	0.749	0.795	0.795
0.782	0.763	0.749	0.794	0.794
0.782	0.763	0.749	0.794	0.794
0.782	0.763	0.748	0.794	0.794
0.782	0.762	0.748	0.794	0.794
0.781	0.762	0.748	0.794	0.794
0.781	0.762	0.748	0.794	0.794
0.781	0.762	0.748	0.794	0.794
0.781	0.762	0.748	0.793	0.793
0.781	0.762	0.748	0.793	0.793
0.781	0.762	0.748	0.793	0.793
0.781	0.762	0.748	0.793	0.793
0.781	0.762	0.748	0.793	0.793
0.781	0.761	0.747	0.793	0.793
0.78	0.761	0.747	0.793	0.793
0.78	0.761	0.747	0.793	0.793
0.78	0.761	0.747	0.793	0.793
0.78	0.761	0.747	0.793	0.793
0.78	0.761	0.747	0.792	0.792
0.78	0.761	0.747	0.792	0.792
0.78	0.761	0.747	0.792	0.792
0.78	0.761	0.747	0.792	0.792
0.78	0.761	0.747	0.792	0.792
0.78	0.76	0.746	0.792	0.792
0.78	0.76	0.746	0.792	0.792
0.779	0.76	0.745	0.792	0.792
0.779	0.76	0.745	0.792	0.792
0.779	0.76	0.745	0.791	0.791
0.779	0.76	0.745	0.791	0.791
0.779	0.759	0.745	0.791	0.791
0.779	0.759	0.745	0.791	0.791
0.779	0.759	0.744	0.791	0.791
0.779	0.759	0.744	0.791	0.791
0.778	0.759	0.743	0.791	0.791
0.778	0.758	0.743	0.791	0.791
0.778	0.758	0.742	0.791	0.791
0.778	0.758	0.742	0.791	0.791
0.778	0.758	0.742	0.791	0.791
0.778	0.758	0.742	0.79	0.79
0.778	0.757	0.742	0.79	0.79
0.778	0.757	0.742	0.79	0.79
0.777	0.757	0.741	0.79	0.79
0.777	0.757	0.741	0.79	0.79
0.777	0.757	0.741	0.79	0.79
0.777	0.757	0.741	0.79	0.79
0.777	0.756	0.741	0.79	0.79
0.776	0.756	0.74	0.789	0.789
0.776	0.756	0.74	0.789	0.789
0.776	0.756	0.74	0.789	0.789
0.776	0.756	0.74	0.789	0.789
0.776	0.756	0.739	0.789	0.789
0.776	0.755	0.739	0.789	0.789
0.776	0.755	0.739	0.789	0.789
0.776	0.755	0.739	0.789	0.789
0.776	0.755	0.739	0.789	0.789
0.775	0.753	0.739	0.789	0.789
0.775	0.753	0.739	0.789	0.789
0.775	0.753	0.738	0.789	0.789
0.775	0.753	0.738	0.789	0.789
0.775	0.753	0.738	0.789	0.789
0.775	0.753	0.738	0.789	0.789
0.775	0.752	0.738	0.789	0.789
0.775	0.752	0.738	0.789	0.789
0.774	0.752	0.737	0.788	0.788
0.774	0.752	0.737	0.788	0.788
0.774	0.752	0.737	0.788	0.788
0.774	0.752	0.737	0.788	0.788
0.774	0.752	0.737	0.788	0.788
0.774	0.752	0.737	0.788	0.788
0.774	0.751	0.737	0.788	0.788
0.774	0.751	0.736	0.788	0.788
0.774	0.751	0.736	0.787	0.787
0.774	0.751	0.736	0.787	0.787
0.773	0.751	0.736	0.787	0.787
0.773	0.751	0.736	0.787	0.787
0.773	0.751	0.736	0.787	0.787
0.773	0.75	0.736	0.787	0.787
0.773	0.75	0.736	0.786	0.786
0.773	0.75	0.736	0.786	0.786
0.772	0.75	0.736	0.786	0.786
0.772	0.75	0.735	0.786	0.786
0.772	0.75	0.735	0.786	0.786
0.772	0.75	0.735	0.786	0.786
0.772	0.75	0.735	0.786	0.786
0.772	0.75	0.735	0.786	0.786
0.772	0.75	0.735	0.786	0.786
0.772	0.749	0.734	0.786	0.786
0.772	0.749	0.734	0.785	0.785
0.772	0.749	0.734	0.785	0.785
0.772	0.749	0.734	0.785	0.785
0.772	0.749	0.733	0.785	0.785
0.771	0.748	0.733	0.785	0.785
0.771	0.748	0.733	0.785	0.785
0.771	0.748	0.733	0.785	0.785
0.771	0.748	0.733	0.785	0.785
0.771	0.747	0.733	0.785	0.785
0.771	0.747	0.732	0.785	0.785
0.771	0.747	0.732	0.785	0.785
0.771	0.747	0.731	0.785	0.785
0.771	0.747	0.731	0.785	0.785
0.771	0.747	0.731	0.784	0.784
0.77	0.747	0.731	0.784	0.784
0.77	0.747	0.73	0.784	0.784
0.77	0.747	0.73	0.784	0.784
0.77	0.746	0.73	0.784	0.784
0.77	0.746	0.73	0.784	0.784
0.77	0.746	0.729	0.784	0.784
0.77	0.746	0.729	0.784	0.784
0.77	0.745	0.729	0.783	0.783
0.769	0.745	0.729	0.783	0.783
0.769	0.745	0.729	0.783	0.783
0.769	0.745	0.729	0.783	0.783
0.769	0.744	0.728	0.783	0.783
0.769	0.744	0.728	0.783	0.783
0.768	0.744	0.728	0.783	0.783
0.768	0.744	0.728	0.782	0.782
0.768	0.744	0.727	0.782	0.782
0.768	0.744	0.727	0.782	0.782
0.768	0.743	0.727	0.782	0.782
0.768	0.743	0.727	0.782	0.782
0.767	0.743	0.727	0.782	0.782
0.767	0.743	0.727	0.782	0.782
0.767	0.742	0.726	0.782	0.782
0.767	0.742	0.726	0.782	0.782
0.767	0.742	0.725	0.782	0.782
0.766	0.742	0.725	0.782	0.782
0.766	0.742	0.725	0.782	0.782
0.766	0.742	0.725	0.781	0.781
0.766	0.742	0.725	0.781	0.781
0.766	0.742	0.725	0.781	0.781
0.766	0.741	0.724	0.781	0.781
0.766	0.741	0.724	0.781	0.781
0.766	0.741	0.724	0.781	0.781
0.765	0.74	0.724	0.781	0.781
0.765	0.74	0.724	0.781	0.781
0.765	0.74	0.724	0.781	0.781
0.765	0.74	0.724	0.781	0.781
0.765	0.74	0.723	0.781	0.781
0.765	0.74	0.723	0.78	0.78
0.765	0.74	0.723	0.78	0.78
0.765	0.74	0.723	0.78	0.78
0.765	0.74	0.722	0.78	0.78
0.764	0.739	0.722	0.78	0.78
0.764	0.738	0.722	0.78	0.78
0.764	0.738	0.722	0.78	0.78
0.764	0.738	0.722	0.78	0.78
0.764	0.738	0.722	0.78	0.78
0.764	0.738	0.721	0.78	0.78
0.764	0.737	0.721	0.78	0.78
0.764	0.737	0.721	0.78	0.78
0.764	0.737	0.721	0.78	0.78
0.764	0.737	0.721	0.78	0.78
0.764	0.737	0.721	0.78	0.78
0.763	0.736	0.721	0.78	0.78
0.763	0.736	0.72	0.78	0.78
0.763	0.736	0.72	0.779	0.779
0.763	0.735	0.72	0.779	0.779
0.763	0.735	0.72	0.779	0.779
0.763	0.735	0.72	0.779	0.779
0.763	0.735	0.72	0.779	0.779
0.762	0.735	0.72	0.779	0.779
0.762	0.734	0.72	0.779	0.779
0.762	0.734	0.72	0.779	0.779
0.762	0.734	0.719	0.779	0.779
0.762	0.734	0.719	0.779	0.779
0.762	0.734	0.719	0.779	0.779
0.761	0.734	0.718	0.778	0.778
0.761	0.734	0.718	0.778	0.778
0.761	0.734	0.718	0.778	0.778
0.761	0.734	0.718	0.778	0.778
0.76	0.733	0.717	0.778	0.778
0.76	0.733	0.717	0.778	0.778
0.76	0.733	0.717	0.778	0.778
0.76	0.733	0.717	0.778	0.778
0.76	0.733	0.717	0.778	0.778
0.76	0.732	0.716	0.778	0.778
0.76	0.732	0.716	0.778	0.778
0.76	0.732	0.716	0.778	0.778
0.76	0.732	0.716	0.778	0.778
0.759	0.732	0.715	0.778	0.778
0.759	0.732	0.715	0.777	0.777
0.759	0.732	0.715	0.777	0.777
0.759	0.731	0.715	0.777	0.777
0.759	0.731	0.715	0.777	0.777
0.759	0.731	0.715	0.777	0.777
0.759	0.731	0.715	0.777	0.777
0.759	0.731	0.714	0.777	0.777
0.759	0.731	0.714	0.777	0.777
0.759	0.731	0.714	0.777	0.777
0.759	0.73	0.714	0.777	0.777
0.759	0.73	0.714	0.777	0.777
0.758	0.73	0.714	0.777	0.777
0.758	0.729	0.714	0.776	0.776
0.758	0.729	0.713	0.776	0.776
0.757	0.729	0.713	0.776	0.776
0.757	0.729	0.713	0.776	0.776
0.757	0.729	0.713	0.776	0.776
0.757	0.729	0.713	0.776	0.776
0.757	0.729	0.712	0.776	0.776
0.756	0.729	0.712	0.776	0.776
0.756	0.729	0.712	0.776	0.776
0.756	0.729	0.712	0.776	0.776
0.756	0.729	0.712	0.776	0.776
0.756	0.729	0.712	0.776	0.776
0.756	0.729	0.712	0.775	0.775
0.756	0.728	0.712	0.775	0.775
0.756	0.728	0.712	0.775	0.775
0.755	0.728	0.711	0.775	0.775
0.755	0.728	0.711	0.775	0.775
0.755	0.728	0.711	0.775	0.775
0.755	0.727	0.711	0.775	0.775
0.755	0.727	0.711	0.775	0.775
0.755	0.727	0.711	0.775	0.775
0.755	0.727	0.711	0.775	0.775
0.755	0.727	0.711	0.775	0.775
0.754	0.727	0.711	0.775	0.775
0.754	0.727	0.71	0.775	0.775
0.754	0.727	0.71	0.775	0.775
0.754	0.727	0.71	0.775	0.775
0.754	0.726	0.71	0.774	0.774
0.753	0.726	0.71	0.774	0.774
0.753	0.726	0.71	0.774	0.774
0.753	0.726	0.71	0.774	0.774
0.753	0.726	0.71	0.774	0.774
0.753	0.726	0.709	0.774	0.774
0.753	0.725	0.709	0.774	0.774
0.753	0.725	0.709	0.774	0.774
0.753	0.725	0.709	0.774	0.774
0.753	0.725	0.709	0.774	0.774
0.752	0.724	0.709	0.774	0.774
0.752	0.724	0.709	0.774	0.774
0.752	0.724	0.708	0.774	0.774
0.752	0.724	0.708	0.774	0.774
0.752	0.724	0.708	0.774	0.774
0.752	0.724	0.708	0.774	0.774
0.752	0.724	0.707	0.773	0.773
0.751	0.723	0.707	0.773	0.773
0.751	0.723	0.707	0.773	0.773
0.751	0.723	0.707	0.773	0.773
0.75	0.723	0.706	0.773	0.773
0.75	0.723	0.706	0.773	0.773
0.75	0.723	0.706	0.773	0.773
0.75	0.723	0.706	0.773	0.773
0.75	0.722	0.706	0.773	0.773
0.75	0.722	0.705	0.773	0.773
0.75	0.722	0.705	0.772	0.772
0.75	0.722	0.705	0.772	0.772
0.75	0.722	0.705	0.772	0.772
0.75	0.722	0.705	0.772	0.772
0.75	0.721	0.704	0.772	0.772
0.75	0.721	0.704	0.772	0.772
0.75	0.721	0.704	0.772	0.772
0.749	0.721	0.703	0.772	0.772
0.749	0.721	0.703	0.772	0.772
0.749	0.721	0.703	0.772	0.772
0.749	0.721	0.702	0.772	0.772
0.749	0.721	0.702	0.772	0.772
0.748	0.72	0.702	0.771	0.771
0.748	0.72	0.702	0.771	0.771
0.748	0.72	0.701	0.771	0.771
0.748	0.72	0.701	0.771	0.771
0.748	0.72	0.701	0.771	0.771
0.747	0.72	0.701	0.771	0.771
0.747	0.72	0.701	0.771	0.771
0.747	0.72	0.7	0.771	0.771
0.747	0.72	0.7	0.77	0.77
0.747	0.719	0.7	0.77	0.77
0.747	0.719	0.7	0.77	0.77
0.747	0.719	0.7	0.77	0.77
0.747	0.719	0.699	0.77	0.77
0.747	0.719	0.699	0.77	0.77
0.747	0.718	0.699	0.77	0.77
0.747	0.718	0.699	0.77	0.77
0.746	0.718	0.698	0.77	0.77
0.746	0.718	0.698	0.77	0.77
0.746	0.717	0.698	0.77	0.77
0.746	0.717	0.697	0.769	0.769
0.746	0.717	0.696	0.769	0.769
0.746	0.717	0.696	0.769	0.769
0.746	0.717	0.696	0.769	0.769
0.746	0.717	0.696	0.769	0.769
0.746	0.717	0.696	0.769	0.769
0.746	0.716	0.695	0.769	0.769
0.745	0.716	0.695	0.769	0.769
0.745	0.716	0.695	0.768	0.768
0.745	0.716	0.695	0.768	0.768
0.745	0.716	0.694	0.768	0.768
0.745	0.715	0.694	0.768	0.768
0.745	0.715	0.694	0.768	0.768
0.744	0.715	0.694	0.768	0.768
0.744	0.715	0.693	0.768	0.768
0.744	0.715	0.693	0.768	0.768
0.744	0.715	0.693	0.768	0.768
0.743	0.715	0.692	0.768	0.768
0.743	0.715	0.692	0.768	0.768
0.743	0.714	0.692	0.768	0.768
0.743	0.714	0.692	0.767	0.767
0.743	0.714	0.692	0.767	0.767
0.743	0.714	0.692	0.767	0.767
0.743	0.714	0.691	0.767	0.767
0.743	0.714	0.691	0.767	0.767
0.742	0.713	0.691	0.767	0.767
0.742	0.713	0.691	0.767	0.767
0.742	0.713	0.691	0.767	0.767
0.742	0.713	0.691	0.767	0.767
0.742	0.712	0.691	0.767	0.767
0.741	0.712	0.69	0.767	0.767
0.741	0.712	0.69	0.767	0.767
0.741	0.712	0.69	0.767	0.767
0.741	0.712	0.69	0.766	0.766
0.741	0.711	0.69	0.766	0.766
0.741	0.711	0.689	0.766	0.766
0.741	0.711	0.689	0.766	0.766
0.74	0.711	0.689	0.766	0.766
0.74	0.71	0.689	0.766	0.766
0.74	0.71	0.689	0.766	0.766
0.74	0.71	0.688	0.766	0.766
0.74	0.71	0.688	0.766	0.766
0.74	0.71	0.688	0.766	0.766
0.74	0.71	0.688	0.766	0.766
0.74	0.71	0.688	0.766	0.766
0.739	0.71	0.688	0.766	0.766
0.739	0.71	0.688	0.766	0.766
0.739	0.71	0.688	0.765	0.765
0.739	0.71	0.687	0.765	0.765
0.739	0.71	0.687	0.765	0.765
0.739	0.71	0.687	0.765	0.765
0.739	0.709	0.687	0.765	0.765
0.738	0.709	0.687	0.765	0.765
0.738	0.709	0.687	0.765	0.765
0.738	0.709	0.687	0.765	0.765
0.738	0.708	0.687	0.765	0.765
0.738	0.708	0.686	0.765	0.765
0.738	0.708	0.686	0.764	0.764
0.737	0.707	0.686	0.764	0.764
0.737	0.707	0.686	0.764	0.764
0.737	0.706	0.686	0.764	0.764
0.737	0.706	0.685	0.764	0.764
0.737	0.706	0.685	0.764	0.764
0.737	0.706	0.685	0.764	0.764
0.737	0.705	0.685	0.764	0.764
0.736	0.705	0.685	0.764	0.764
0.736	0.705	0.685	0.763	0.763
0.736	0.705	0.685	0.763	0.763
0.736	0.705	0.684	0.763	0.763
0.736	0.705	0.684	0.763	0.763
0.735	0.704	0.684	0.763	0.763
0.735	0.704	0.684	0.763	0.763
0.735	0.704	0.684	0.763	0.763
0.734	0.704	0.684	0.763	0.763
0.734	0.704	0.683	0.763	0.763
0.734	0.703	0.683	0.763	0.763
0.733	0.703	0.682	0.763	0.763
0.733	0.703	0.682	0.763	0.763
0.733	0.703	0.682	0.763	0.763
0.732	0.703	0.682	0.763	0.763
0.732	0.703	0.681	0.762	0.762
0.732	0.703	0.681	0.762	0.762
0.732	0.702	0.681	0.762	0.762
0.732	0.702	0.681	0.762	0.762
0.732	0.702	0.681	0.762	0.762
0.732	0.702	0.681	0.762	0.762
0.732	0.702	0.68	0.762	0.762
0.732	0.702	0.68	0.762	0.762
0.732	0.702	0.68	0.762	0.762
0.731	0.702	0.68	0.762	0.762
0.731	0.701	0.679	0.762	0.762
0.731	0.701	0.679	0.761	0.761
0.731	0.701	0.679	0.761	0.761
0.731	0.701	0.679	0.761	0.761
0.731	0.7	0.679	0.761	0.761
0.731	0.7	0.679	0.761	0.761
0.731	0.7	0.679	0.761	0.761
0.731	0.7	0.679	0.761	0.761
0.731	0.7	0.678	0.761	0.761
0.73	0.699	0.678	0.761	0.761
0.73	0.699	0.678	0.761	0.761
0.73	0.699	0.678	0.761	0.761
0.73	0.699	0.678	0.76	0.76
0.73	0.699	0.678	0.76	0.76
0.73	0.699	0.678	0.76	0.76
0.73	0.699	0.678	0.76	0.76
0.729	0.698	0.678	0.76	0.76
0.729	0.698	0.677	0.76	0.76
0.729	0.698	0.677	0.76	0.76
0.729	0.698	0.677	0.76	0.76
0.729	0.698	0.677	0.76	0.76
0.729	0.698	0.677	0.76	0.76
0.729	0.698	0.677	0.76	0.76
0.729	0.697	0.676	0.76	0.76
0.729	0.697	0.676	0.76	0.76
0.729	0.697	0.676	0.76	0.76
0.729	0.697	0.676	0.76	0.76
0.729	0.697	0.675	0.76	0.76
0.729	0.697	0.675	0.759	0.759
0.729	0.697	0.675	0.759	0.759
0.728	0.697	0.675	0.759	0.759
0.728	0.697	0.674	0.759	0.759
0.728	0.697	0.674	0.759	0.759
0.728	0.697	0.674	0.759	0.759
0.727	0.697	0.674	0.759	0.759
0.727	0.696	0.674	0.759	0.759
0.727	0.696	0.674	0.759	0.759
0.727	0.696	0.674	0.759	0.759
0.727	0.696	0.673	0.759	0.759
0.727	0.696	0.673	0.759	0.759
0.726	0.696	0.673	0.759	0.759
0.726	0.696	0.673	0.759	0.759
0.726	0.696	0.672	0.759	0.759
0.726	0.695	0.672	0.759	0.759
0.726	0.695	0.672	0.759	0.759
0.726	0.695	0.672	0.759	0.759
0.726	0.695	0.672	0.759	0.759
0.725	0.695	0.671	0.758	0.758
0.725	0.695	0.671	0.758	0.758
0.725	0.695	0.671	0.758	0.758
0.725	0.695	0.671	0.758	0.758
0.725	0.695	0.67	0.758	0.758
0.725	0.695	0.67	0.758	0.758
0.725	0.694	0.67	0.758	0.758
0.725	0.694	0.67	0.758	0.758
0.725	0.694	0.67	0.758	0.758
0.725	0.694	0.669	0.758	0.758
0.725	0.693	0.669	0.758	0.758
0.724	0.693	0.669	0.758	0.758
0.724	0.693	0.669	0.758	0.758
0.724	0.693	0.668	0.758	0.758
0.724	0.692	0.668	0.757	0.757
0.724	0.692	0.668	0.757	0.757
0.724	0.692	0.668	0.757	0.757
0.723	0.692	0.668	0.757	0.757
0.723	0.692	0.668	0.757	0.757
0.723	0.692	0.668	0.757	0.757
0.723	0.691	0.668	0.757	0.757
0.723	0.691	0.668	0.757	0.757
0.722	0.691	0.668	0.757	0.757
0.722	0.691	0.667	0.757	0.757
0.722	0.691	0.667	0.757	0.757
0.722	0.691	0.667	0.757	0.757
0.722	0.69	0.666	0.757	0.757
0.722	0.69	0.666	0.757	0.757
0.722	0.69	0.666	0.757	0.757
0.721	0.69	0.666	0.757	0.757
0.721	0.689	0.666	0.757	0.757
0.721	0.689	0.665	0.756	0.756
0.721	0.689	0.665	0.756	0.756
0.721	0.689	0.665	0.756	0.756
0.721	0.689	0.665	0.756	0.756
0.721	0.689	0.665	0.756	0.756
0.721	0.689	0.664	0.756	0.756
0.721	0.688	0.664	0.756	0.756
0.72	0.688	0.664	0.756	0.756
0.72	0.688	0.664	0.756	0.756
0.72	0.688	0.664	0.756	0.756
0.72	0.688	0.664	0.756	0.756
0.72	0.687	0.664	0.756	0.756
0.72	0.687	0.664	0.755	0.755
0.72	0.687	0.664	0.755	0.755
0.72	0.687	0.664	0.755	0.755
0.72	0.687	0.664	0.755	0.755
0.72	0.687	0.664	0.755	0.755
0.72	0.687	0.664	0.755	0.755
0.72	0.687	0.663	0.755	0.755
0.72	0.687	0.663	0.755	0.755
0.72	0.687	0.662	0.755	0.755
0.72	0.687	0.662	0.755	0.755
0.72	0.686	0.662	0.755	0.755
0.72	0.686	0.662	0.755	0.755
0.72	0.686	0.661	0.755	0.755
0.72	0.686	0.661	0.755	0.755
0.72	0.685	0.661	0.755	0.755
0.719	0.685	0.661	0.755	0.755
0.719	0.685	0.661	0.755	0.755
0.719	0.684	0.66	0.755	0.755
0.719	0.684	0.66	0.755	0.755
0.719	0.683	0.66	0.755	0.755
0.719	0.683	0.66	0.754	0.754
0.719	0.683	0.66	0.754	0.754
0.719	0.683	0.66	0.754	0.754
0.718	0.683	0.66	0.754	0.754
0.718	0.683	0.659	0.754	0.754
0.718	0.682	0.659	0.754	0.754
0.717	0.682	0.658	0.754	0.754
0.717	0.682	0.658	0.754	0.754
0.717	0.682	0.658	0.754	0.754
0.716	0.682	0.658	0.754	0.754
0.716	0.682	0.657	0.754	0.754
0.716	0.682	0.657	0.753	0.753
0.716	0.682	0.657	0.753	0.753
0.716	0.681	0.657	0.753	0.753
0.716	0.681	0.657	0.753	0.753
0.716	0.681	0.656	0.752	0.752
0.715	0.681	0.656	0.752	0.752
0.715	0.681	0.656	0.752	0.752
0.715	0.68	0.656	0.752	0.752
0.715	0.68	0.656	0.752	0.752
0.715	0.68	0.656	0.752	0.752
0.715	0.68	0.656	0.752	0.752
0.715	0.68	0.656	0.752	0.752
0.715	0.679	0.656	0.752	0.752
0.714	0.679	0.656	0.751	0.751
0.714	0.679	0.655	0.751	0.751
0.714	0.679	0.655	0.751	0.751
0.714	0.679	0.655	0.751	0.751
0.714	0.679	0.654	0.751	0.751
0.714	0.679	0.654	0.751	0.751
0.714	0.678	0.654	0.751	0.751
0.714	0.678	0.654	0.751	0.751
0.713	0.678	0.654	0.751	0.751
0.713	0.678	0.654	0.751	0.751
0.713	0.678	0.654	0.751	0.751
0.713	0.678	0.654	0.751	0.751
0.713	0.678	0.653	0.751	0.751
0.713	0.677	0.653	0.75	0.75
0.713	0.677	0.653	0.75	0.75
0.712	0.677	0.653	0.75	0.75
0.712	0.677	0.653	0.75	0.75
0.712	0.677	0.652	0.75	0.75
0.712	0.677	0.652	0.75	0.75
0.712	0.676	0.652	0.75	0.75
0.712	0.676	0.652	0.75	0.75
0.711	0.676	0.652	0.75	0.75
0.711	0.675	0.651	0.75	0.75
0.711	0.675	0.651	0.75	0.75
0.711	0.675	0.651	0.75	0.75
0.711	0.674	0.651	0.749	0.749
0.711	0.674	0.651	0.749	0.749
0.711	0.674	0.651	0.749	0.749
0.711	0.674	0.651	0.749	0.749
0.711	0.674	0.65	0.749	0.749
0.711	0.673	0.65	0.749	0.749
0.711	0.673	0.649	0.748	0.748
0.711	0.673	0.649	0.748	0.748
0.71	0.673	0.649	0.748	0.748
0.71	0.673	0.648	0.748	0.748
0.71	0.672	0.648	0.748	0.748
0.71	0.672	0.648	0.748	0.748
0.71	0.672	0.648	0.748	0.748
0.71	0.671	0.648	0.748	0.748
0.71	0.671	0.648	0.748	0.748
0.71	0.67	0.647	0.747	0.747
0.71	0.67	0.647	0.747	0.747
0.71	0.67	0.647	0.747	0.747
0.71	0.67	0.647	0.747	0.747
0.71	0.67	0.647	0.747	0.747
0.709	0.67	0.647	0.747	0.747
0.709	0.67	0.647	0.747	0.747
0.709	0.67	0.646	0.747	0.747
0.709	0.67	0.646	0.747	0.747
0.709	0.67	0.646	0.747	0.747
0.709	0.67	0.646	0.747	0.747
0.708	0.669	0.646	0.747	0.747
0.708	0.669	0.646	0.746	0.746
0.708	0.669	0.646	0.746	0.746
0.708	0.669	0.645	0.746	0.746
0.708	0.669	0.645	0.746	0.746
0.708	0.669	0.645	0.746	0.746
0.707	0.669	0.644	0.746	0.746
0.707	0.668	0.644	0.746	0.746
0.707	0.668	0.643	0.746	0.746
0.707	0.668	0.643	0.746	0.746
0.707	0.667	0.643	0.746	0.746
0.707	0.667	0.643	0.746	0.746
0.707	0.667	0.642	0.746	0.746
0.707	0.667	0.642	0.745	0.745
0.706	0.667	0.642	0.745	0.745
0.706	0.667	0.641	0.745	0.745
0.706	0.666	0.64	0.745	0.745
0.706	0.666	0.64	0.745	0.745
0.706	0.666	0.64	0.745	0.745
0.706	0.666	0.64	0.745	0.745
0.706	0.666	0.64	0.745	0.745
0.706	0.666	0.64	0.745	0.745
0.706	0.666	0.64	0.745	0.745
0.706	0.666	0.639	0.745	0.745
0.705	0.666	0.639	0.745	0.745
0.705	0.665	0.639	0.745	0.745
0.705	0.665	0.638	0.744	0.744
0.704	0.665	0.636	0.744	0.744
0.704	0.664	0.636	0.744	0.744
0.704	0.664	0.635	0.744	0.744
0.704	0.664	0.635	0.744	0.744
0.704	0.663	0.635	0.744	0.744
0.704	0.663	0.635	0.744	0.744
0.704	0.663	0.635	0.744	0.744
0.704	0.663	0.634	0.744	0.744
0.704	0.662	0.634	0.744	0.744
0.704	0.662	0.634	0.744	0.744
0.703	0.662	0.634	0.743	0.743
0.703	0.661	0.634	0.743	0.743
0.703	0.661	0.633	0.743	0.743
0.703	0.661	0.633	0.743	0.743
0.703	0.661	0.633	0.743	0.743
0.702	0.661	0.633	0.743	0.743
0.702	0.661	0.633	0.743	0.743
0.702	0.66	0.633	0.743	0.743
0.702	0.66	0.632	0.743	0.743
0.701	0.66	0.632	0.743	0.743
0.701	0.66	0.632	0.743	0.743
0.701	0.66	0.631	0.743	0.743
0.701	0.66	0.631	0.743	0.743
0.701	0.66	0.631	0.743	0.743
0.701	0.66	0.631	0.742	0.742
0.701	0.659	0.631	0.742	0.742
0.701	0.659	0.63	0.742	0.742
0.701	0.659	0.63	0.742	0.742
0.7	0.659	0.629	0.742	0.742
0.7	0.659	0.629	0.742	0.742
0.7	0.658	0.629	0.742	0.742
0.7	0.658	0.629	0.742	0.742
0.7	0.657	0.628	0.742	0.742
0.7	0.657	0.628	0.742	0.742
0.7	0.656	0.628	0.742	0.742
0.7	0.656	0.628	0.742	0.742
0.699	0.656	0.627	0.742	0.742
0.699	0.656	0.627	0.742	0.742
0.699	0.655	0.627	0.742	0.742
0.699	0.655	0.627	0.742	0.742
0.699	0.654	0.627	0.741	0.741
0.699	0.653	0.627	0.741	0.741
0.699	0.653	0.627	0.741	0.741
0.699	0.653	0.627	0.741	0.741
0.698	0.653	0.627	0.741	0.741
0.698	0.653	0.626	0.741	0.741
0.698	0.653	0.626	0.741	0.741
0.698	0.653	0.626	0.741	0.741
0.698	0.652	0.626	0.741	0.741
0.698	0.652	0.626	0.741	0.741
0.698	0.652	0.626	0.741	0.741
0.697	0.652	0.625	0.741	0.741
0.697	0.651	0.625	0.741	0.741
0.697	0.651	0.624	0.741	0.741
0.697	0.651	0.624	0.741	0.741
0.697	0.651	0.624	0.741	0.741
0.697	0.651	0.624	0.741	0.741
0.697	0.651	0.623	0.74	0.74
0.696	0.651	0.623	0.74	0.74
0.696	0.651	0.623	0.74	0.74
0.696	0.65	0.623	0.74	0.74
0.696	0.65	0.622	0.74	0.74
0.696	0.649	0.622	0.74	0.74
0.696	0.649	0.622	0.74	0.74
0.695	0.649	0.622	0.74	0.74
0.695	0.649	0.622	0.74	0.74
0.695	0.648	0.622	0.74	0.74
0.695	0.648	0.622	0.74	0.74
0.695	0.648	0.622	0.74	0.74
0.695	0.648	0.621	0.739	0.739
0.695	0.648	0.621	0.739	0.739
0.694	0.648	0.621	0.739	0.739
0.694	0.648	0.621	0.739	0.739
0.694	0.647	0.62	0.739	0.739
0.694	0.647	0.62	0.739	0.739
0.694	0.647	0.62	0.739	0.739
0.694	0.646	0.62	0.739	0.739
0.694	0.646	0.62	0.739	0.739
0.694	0.646	0.619	0.739	0.739
0.694	0.646	0.619	0.739	0.739
0.694	0.646	0.619	0.739	0.739
0.693	0.645	0.619	0.739	0.739
0.693	0.645	0.619	0.739	0.739
0.693	0.645	0.619	0.739	0.739
0.693	0.645	0.618	0.739	0.739
0.693	0.645	0.618	0.739	0.739
0.693	0.645	0.618	0.738	0.738
0.692	0.645	0.618	0.738	0.738
0.692	0.644	0.617	0.738	0.738
0.692	0.644	0.617	0.738	0.738
0.692	0.644	0.617	0.738	0.738
0.691	0.643	0.616	0.738	0.738
0.691	0.643	0.616	0.738	0.738
0.691	0.642	0.616	0.738	0.738
0.691	0.642	0.615	0.737	0.737
0.691	0.642	0.614	0.737	0.737
0.69	0.642	0.614	0.737	0.737
0.69	0.641	0.614	0.737	0.737
0.69	0.641	0.614	0.737	0.737
0.69	0.641	0.614	0.737	0.737
0.69	0.641	0.614	0.737	0.737
0.69	0.641	0.614	0.737	0.737
0.69	0.64	0.613	0.737	0.737
0.69	0.64	0.613	0.737	0.737
0.689	0.64	0.613	0.737	0.737
0.689	0.639	0.613	0.736	0.736
0.689	0.639	0.613	0.736	0.736
0.689	0.639	0.612	0.736	0.736
0.689	0.638	0.612	0.736	0.736
0.689	0.637	0.612	0.736	0.736
0.689	0.637	0.612	0.736	0.736
0.688	0.636	0.612	0.736	0.736
0.688	0.636	0.612	0.736	0.736
0.688	0.635	0.612	0.736	0.736
0.688	0.635	0.612	0.736	0.736
0.688	0.635	0.611	0.735	0.735
0.688	0.635	0.611	0.735	0.735
0.688	0.634	0.611	0.735	0.735
0.688	0.634	0.611	0.735	0.735
0.687	0.634	0.611	0.735	0.735
0.687	0.634	0.61	0.735	0.735
0.687	0.633	0.61	0.735	0.735
0.687	0.633	0.609	0.735	0.735
0.687	0.633	0.609	0.735	0.735
0.686	0.633	0.609	0.735	0.735
0.686	0.633	0.608	0.735	0.735
0.686	0.632	0.608	0.734	0.734
0.686	0.632	0.608	0.734	0.734
0.686	0.632	0.608	0.734	0.734
0.686	0.632	0.608	0.734	0.734
0.686	0.631	0.607	0.734	0.734
0.686	0.631	0.607	0.734	0.734
0.686	0.631	0.607	0.734	0.734
0.686	0.631	0.606	0.734	0.734
0.686	0.63	0.606	0.734	0.734
0.686	0.63	0.605	0.734	0.734
0.685	0.63	0.605	0.734	0.734
0.685	0.629	0.605	0.734	0.734
0.685	0.629	0.605	0.733	0.733
0.685	0.629	0.604	0.733	0.733
0.685	0.629	0.604	0.733	0.733
0.685	0.629	0.604	0.733	0.733
0.685	0.628	0.603	0.733	0.733
0.684	0.628	0.603	0.733	0.733
0.684	0.627	0.603	0.733	0.733
0.684	0.627	0.603	0.733	0.733
0.684	0.627	0.603	0.733	0.733
0.684	0.626	0.602	0.733	0.733
0.684	0.626	0.602	0.732	0.732
0.684	0.626	0.602	0.732	0.732
0.684	0.625	0.602	0.732	0.732
0.684	0.625	0.602	0.732	0.732
0.684	0.625	0.602	0.732	0.732
0.683	0.624	0.602	0.732	0.732
0.683	0.623	0.601	0.732	0.732
0.683	0.623	0.601	0.732	0.732
0.683	0.622	0.601	0.732	0.732
0.683	0.621	0.6	0.732	0.732
0.683	0.621	0.6	0.732	0.732
0.683	0.62	0.6	0.732	0.732
0.682	0.62	0.6	0.732	0.732
0.682	0.619	0.6	0.732	0.732
0.682	0.619	0.6	0.731	0.731
0.682	0.619	0.6	0.731	0.731
0.682	0.619	0.6	0.731	0.731
0.682	0.619	0.599	0.731	0.731
0.682	0.618	0.599	0.731	0.731
0.681	0.618	0.598	0.731	0.731
0.681	0.618	0.598	0.731	0.731
0.681	0.617	0.597	0.731	0.731
0.681	0.617	0.597	0.731	0.731
0.681	0.617	0.597	0.731	0.731
0.68	0.617	0.597	0.731	0.731
0.68	0.616	0.597	0.731	0.731
0.68	0.616	0.597	0.731	0.731
0.68	0.616	0.596	0.731	0.731
0.68	0.616	0.595	0.73	0.73
0.68	0.616	0.595	0.73	0.73
0.68	0.615	0.595	0.73	0.73
0.679	0.615	0.594	0.73	0.73
0.679	0.615	0.593	0.73	0.73
0.679	0.614	0.593	0.73	0.73
0.679	0.614	0.593	0.73	0.73
0.679	0.613	0.593	0.73	0.73
0.679	0.613	0.593	0.73	0.73
0.679	0.613	0.593	0.73	0.73
0.678	0.613	0.592	0.73	0.73
0.678	0.612	0.592	0.73	0.73
0.678	0.612	0.591	0.73	0.73
0.678	0.612	0.591	0.729	0.729
0.678	0.612	0.59	0.729	0.729
0.678	0.612	0.59	0.729	0.729
0.678	0.612	0.59	0.729	0.729
0.678	0.612	0.59	0.729	0.729
0.678	0.611	0.589	0.729	0.729
0.678	0.61	0.588	0.729	0.729
0.678	0.61	0.588	0.729	0.729
0.677	0.609	0.588	0.729	0.729
0.677	0.609	0.588	0.729	0.729
0.677	0.608	0.588	0.729	0.729
0.677	0.608	0.587	0.729	0.729
0.676	0.607	0.587	0.729	0.729
0.676	0.607	0.586	0.729	0.729
0.676	0.607	0.586	0.729	0.729
0.675	0.607	0.585	0.729	0.729
0.675	0.607	0.585	0.729	0.729
0.675	0.606	0.585	0.728	0.728
0.675	0.606	0.584	0.728	0.728
0.675	0.606	0.584	0.728	0.728
0.675	0.606	0.584	0.728	0.728
0.675	0.606	0.583	0.728	0.728
0.674	0.606	0.583	0.728	0.728
0.674	0.605	0.583	0.728	0.728
0.674	0.603	0.583	0.728	0.728
0.674	0.603	0.582	0.728	0.728
0.674	0.603	0.582	0.728	0.728
0.674	0.603	0.582	0.728	0.728
0.674	0.603	0.581	0.728	0.728
0.673	0.603	0.581	0.728	0.728
0.673	0.602	0.58	0.728	0.728
0.673	0.602	0.58	0.727	0.727
0.673	0.602	0.58	0.727	0.727
0.673	0.601	0.58	0.727	0.727
0.673	0.601	0.58	0.727	0.727
0.673	0.601	0.579	0.727	0.727
0.672	0.6	0.579	0.727	0.727
0.672	0.599	0.579	0.727	0.727
0.672	0.599	0.579	0.727	0.727
0.672	0.599	0.579	0.727	0.727
0.672	0.599	0.578	0.727	0.727
0.672	0.599	0.578	0.727	0.727
0.672	0.598	0.577	0.727	0.727
0.671	0.598	0.577	0.727	0.727
0.671	0.598	0.577	0.727	0.727
0.671	0.596	0.576	0.727	0.727
0.671	0.596	0.576	0.727	0.727
0.671	0.596	0.575	0.727	0.727
0.67	0.596	0.575	0.727	0.727
0.67	0.596	0.574	0.726	0.726
0.67	0.595	0.574	0.726	0.726
0.67	0.595	0.574	0.726	0.726
0.669	0.595	0.573	0.726	0.726
0.669	0.594	0.572	0.726	0.726
0.669	0.593	0.572	0.726	0.726
0.669	0.592	0.572	0.726	0.726
0.668	0.592	0.571	0.725	0.725
0.668	0.591	0.571	0.725	0.725
0.668	0.591	0.57	0.725	0.725
0.668	0.591	0.57	0.725	0.725
0.668	0.591	0.569	0.725	0.725
0.668	0.591	0.569	0.725	0.725
0.668	0.591	0.569	0.725	0.725
0.668	0.59	0.569	0.725	0.725
0.667	0.59	0.569	0.725	0.725
0.667	0.589	0.568	0.725	0.725
0.667	0.588	0.568	0.725	0.725
0.667	0.588	0.566	0.725	0.725
0.666	0.587	0.565	0.725	0.725
0.666	0.587	0.563	0.725	0.725
0.666	0.586	0.562	0.725	0.725
0.666	0.586	0.562	0.725	0.725
0.666	0.585	0.561	0.725	0.725
0.666	0.585	0.561	0.724	0.724
0.666	0.585	0.56	0.724	0.724
0.665	0.585	0.56	0.724	0.724
0.665	0.584	0.56	0.724	0.724
0.665	0.584	0.559	0.724	0.724
0.665	0.584	0.558	0.724	0.724
0.665	0.583	0.557	0.724	0.724
0.665	0.583	0.557	0.724	0.724
0.665	0.582	0.556	0.724	0.724
0.665	0.581	0.556	0.724	0.724
0.664	0.577	0.555	0.724	0.724
0.664	0.577	0.555	0.724	0.724
0.664	0.576	0.553	0.723	0.723
0.664	0.575	0.553	0.723	0.723
0.664	0.575	0.553	0.723	0.723
0.664	0.575	0.552	0.723	0.723
0.663	0.575	0.552	0.723	0.723
0.663	0.574	0.552	0.723	0.723
0.663	0.574	0.551	0.723	0.723
0.663	0.573	0.551	0.723	0.723
0.663	0.573	0.551	0.723	0.723
0.663	0.573	0.551	0.723	0.723
0.663	0.572	0.55	0.723	0.723
0.663	0.572	0.55	0.722	0.722
0.663	0.571	0.549	0.722	0.722
0.663	0.571	0.549	0.722	0.722
0.663	0.571	0.548	0.722	0.722
0.662	0.57	0.548	0.722	0.722
0.662	0.57	0.547	0.722	0.722
0.661	0.569	0.547	0.722	0.722
0.661	0.568	0.546	0.722	0.722
0.661	0.566	0.545	0.722	0.722
0.661	0.566	0.543	0.722	0.722
0.661	0.566	0.543	0.722	0.722
0.661	0.565	0.542	0.722	0.722
0.661	0.565	0.542	0.722	0.722
0.66	0.564	0.54	0.722	0.722
0.66	0.563	0.539	0.721	0.721
0.66	0.562	0.539	0.721	0.721
0.66	0.561	0.539	0.721	0.721
0.66	0.561	0.539	0.721	0.721
0.66	0.56	0.538	0.721	0.721
0.659	0.559	0.538	0.721	0.721
0.659	0.559	0.537	0.721	0.721
0.659	0.559	0.537	0.721	0.721
0.659	0.557	0.537	0.721	0.721
0.659	0.557	0.535	0.721	0.721
0.659	0.555	0.535	0.721	0.721
0.659	0.555	0.534	0.721	0.721
0.659	0.554	0.534	0.721	0.721
0.658	0.553	0.533	0.721	0.721
0.658	0.552	0.531	0.72	0.72
0.658	0.552	0.531	0.72	0.72
0.658	0.551	0.53	0.72	0.72
0.657	0.551	0.529	0.72	0.72
0.657	0.55	0.529	0.72	0.72
0.657	0.55	0.527	0.72	0.72
0.657	0.55	0.526	0.72	0.72
0.657	0.549	0.526	0.72	0.72
0.656	0.549	0.525	0.72	0.72
0.656	0.547	0.525	0.72	0.72
0.656	0.547	0.525	0.719	0.719
0.656	0.547	0.524	0.719	0.719
0.656	0.546	0.524	0.719	0.719
0.655	0.546	0.524	0.719	0.719
0.655	0.545	0.524	0.719	0.719
0.655	0.544	0.524	0.719	0.719
0.655	0.544	0.523	0.719	0.719
0.655	0.543	0.522	0.719	0.719
0.655	0.542	0.521	0.719	0.719
0.654	0.542	0.517	0.719	0.719
0.654	0.541	0.517	0.719	0.719
0.654	0.539	0.517	0.718	0.718
0.654	0.538	0.516	0.718	0.718
0.654	0.538	0.516	0.718	0.718
0.653	0.538	0.515	0.718	0.718
0.653	0.537	0.514	0.718	0.718
0.653	0.537	0.513	0.718	0.718
0.653	0.537	0.513	0.718	0.718
0.652	0.537	0.511	0.718	0.718
0.652	0.536	0.511	0.718	0.718
0.652	0.536	0.509	0.718	0.718
0.652	0.536	0.508	0.718	0.718
0.652	0.535	0.508	0.718	0.718
0.652	0.535	0.507	0.718	0.718
0.651	0.533	0.506	0.718	0.718
0.651	0.533	0.505	0.718	0.718
0.651	0.532	0.505	0.718	0.718
0.651	0.531	0.505	0.718	0.718
0.65	0.53	0.504	0.717	0.717
0.65	0.53	0.503	0.717	0.717
0.65	0.529	0.503	0.717	0.717
0.65	0.529	0.502	0.717	0.717
0.65	0.528	0.502	0.717	0.717
0.65	0.527	0.501	0.717	0.717
0.65	0.527	0.5	0.717	0.717
0.65	0.524	0.499	0.717	0.717
0.649	0.522	0.498	0.717	0.717
0.649	0.52	0.498	0.716	0.716
0.649	0.52	0.496	0.716	0.716
0.649	0.52	0.495	0.716	0.716
0.649	0.519	0.494	0.716	0.716
0.649	0.517	0.492	0.716	0.716
0.649	0.516	0.492	0.716	0.716
0.648	0.516	0.489	0.716	0.716
0.648	0.515	0.488	0.716	0.716
0.648	0.514	0.487	0.715	0.715
0.648	0.514	0.487	0.715	0.715
0.647	0.512	0.485	0.715	0.715
0.647	0.512	0.485	0.715	0.715
0.647	0.511	0.485	0.715	0.715
0.646	0.51	0.484	0.715	0.715
0.646	0.509	0.483	0.715	0.715
0.646	0.505	0.483	0.715	0.715
0.646	0.502	0.483	0.715	0.715
0.646	0.501	0.481	0.715	0.715
0.646	0.501	0.48	0.715	0.715
0.646	0.5	0.48	0.715	0.715
0.645	0.498	0.479	0.715	0.715
0.645	0.497	0.478	0.715	0.715
0.645	0.497	0.478	0.715	0.715
0.645	0.496	0.478	0.715	0.715
0.645	0.495	0.476	0.715	0.715
0.644	0.494	0.475	0.715	0.715
0.644	0.49	0.474	0.714	0.714
0.644	0.488	0.473	0.714	0.714
0.644	0.487	0.472	0.714	0.714
0.644	0.487	0.472	0.714	0.714
0.644	0.48	0.472	0.714	0.714
0.644	0.479	0.471	0.714	0.714
0.643	0.478	0.47	0.714	0.714
0.643	0.477	0.47	0.714	0.714
0.643	0.474	0.468	0.714	0.714
0.643	0.472	0.468	0.714	0.714
0.643	0.471	0.467	0.713	0.713
0.643	0.468	0.463	0.713	0.713
0.643	0.462	0.46	0.713	0.713
0.642	0.46	0.459	0.713	0.713
0.642	0.457	0.458	0.713	0.713
0.642	0.456	0.458	0.713	0.713
0.642	0.452	0.456	0.713	0.713
0.642	0.428	0.456	0.713	0.713
0.641		0.455	0.713	0.713
0.641		0.455	0.713	0.713
0.641		0.455	0.713	0.713
0.641		0.455	0.713	0.713
0.641		0.454	0.713	0.713
0.641		0.453	0.713	0.713
0.641		0.452	0.713	0.713
0.641		0.452	0.712	0.712
0.641		0.45	0.712	0.712
0.641		0.449	0.712	0.712
0.64		0.448	0.712	0.712
0.64		0.448	0.712	0.712
0.64		0.448	0.712	0.712
0.64		0.448	0.712	0.712
0.639		0.447	0.711	0.711
0.639		0.439	0.711	0.711
0.638		0.439	0.711	0.711
0.638		0.438	0.711	0.711
0.637		0.437	0.711	0.711
0.637		0.437	0.71	0.71
0.637		0.436	0.71	0.71
0.636		0.436	0.71	0.71
0.636		0.436	0.71	0.71
0.636		0.435	0.71	0.71
0.636		0.43	0.71	0.71
0.636		0.43	0.71	0.71
0.636		0.427	0.71	0.71
0.636		0.426	0.71	0.71
0.636		0.423	0.71	0.71
0.636		0.422	0.71	0.71
0.635		0.419	0.71	0.71
0.635		0.418	0.71	0.71
0.635		0.416	0.71	0.71
0.635		0.414	0.709	0.709
0.635		0.413	0.709	0.709
0.635		0.411	0.709	0.709
0.634		0.41	0.709	0.709
0.634		0.409	0.709	0.709
0.634		0.405	0.709	0.709
0.634		0.404	0.709	0.709
0.634		0.402	0.709	0.709
0.633		0.398	0.709	0.709
0.633		0.396	0.708	0.708
0.633		0.388	0.708	0.708
0.633		0.385	0.708	0.708
0.633		0.385	0.708	0.708
0.633		0.384	0.708	0.708
0.632		0.383	0.708	0.708
0.632		0.38	0.708	0.708
0.632		0.379	0.708	0.708
0.631		0.369	0.708	0.708
0.631		0.368	0.708	0.708
0.631		0.366	0.708	0.708
0.631		0.363	0.708	0.708
0.631		0.362	0.707	0.707
0.631		0.361	0.707	0.707
0.63		0.36	0.707	0.707
0.63		0.356	0.707	0.707
0.63		0.355	0.707	0.707
0.63		0.354	0.707	0.707
0.629		0.35	0.707	0.707
0.629		0.349	0.707	0.707
0.629		0.347	0.707	0.707
0.629		0.346	0.707	0.707
0.628		0.335	0.707	0.707
0.628		0.333	0.707	0.707
0.628		0.326	0.707	0.707
0.627		0.322	0.707	0.707
0.627		0.321	0.707	0.707
0.627		0.314	0.706	0.706
0.626		0.312	0.706	0.706
0.626		0.301	0.706	0.706
0.626			0.706	0.706
0.626			0.706	0.706
0.626			0.706	0.706
0.626			0.706	0.706
0.626			0.706	0.706
0.625			0.706	0.706
0.625			0.706	0.706
0.625			0.706	0.706
0.625			0.706	0.706
0.624			0.706	0.706
0.624			0.705	0.705
0.624			0.705	0.705
0.624			0.705	0.705
0.624			0.705	0.705
0.624			0.705	0.705
0.623			0.705	0.705
0.623			0.705	0.705
0.622			0.705	0.705
0.622			0.705	0.705
0.622			0.705	0.705
0.622			0.705	0.705
0.622			0.705	0.705
0.622			0.704	0.704
0.621			0.704	0.704
0.621			0.704	0.704
0.621			0.704	0.704
0.62			0.704	0.704
0.62			0.704	0.704
0.62			0.704	0.704
0.619			0.704	0.704
0.619			0.704	0.704
0.619			0.704	0.704
0.619			0.704	0.704
0.618			0.704	0.704
0.618			0.704	0.704
0.618			0.704	0.704
0.617			0.704	0.704
0.617			0.703	0.703
0.617			0.703	0.703
0.617			0.703	0.703
0.616			0.703	0.703
0.616			0.703	0.703
0.616			0.703	0.703
0.616			0.703	0.703
0.615			0.703	0.703
0.615			0.703	0.703
0.614			0.703	0.703
0.614			0.703	0.703
0.614			0.702	0.702
0.613			0.702	0.702
0.613			0.702	0.702
0.613			0.702	0.702
0.612			0.702	0.702
0.612			0.702	0.702
0.612			0.702	0.702
0.611			0.702	0.702
0.611			0.702	0.702
0.611			0.702	0.702
0.61			0.702	0.702
0.61			0.702	0.702
0.61			0.702	0.702
0.61			0.701	0.701
0.609			0.701	0.701
0.609			0.701	0.701
0.609			0.701	0.701
0.608			0.701	0.701
0.608			0.701	0.701
0.608			0.701	0.701
0.608			0.701	0.701
0.607			0.7	0.7
0.607			0.7	0.7
0.607			0.7	0.7
0.607			0.7	0.7
0.607			0.7	0.7
0.607			0.7	0.7
0.606			0.7	0.7
0.605			0.7	0.7
0.604			0.699	0.699
0.604			0.699	0.699
0.604			0.699	0.699
0.604			0.699	0.699
0.604			0.699	0.699
0.604			0.699	0.699
0.603			0.699	0.699
0.603			0.698	0.698
0.603			0.698	0.698
0.603			0.698	0.698
0.602			0.698	0.698
0.602			0.698	0.698
0.602			0.698	0.698
0.601			0.698	0.698
0.601			0.698	0.698
0.601			0.698	0.698
0.601			0.698	0.698
0.6			0.698	0.698
0.6			0.698	0.698
0.6			0.698	0.698
0.598			0.697	0.697
0.598			0.697	0.697
0.597			0.697	0.697
0.597			0.697	0.697
0.597			0.697	0.697
0.596			0.697	0.697
0.596			0.696	0.696
0.596			0.696	0.696
0.595			0.696	0.696
0.595			0.696	0.696
0.595			0.696	0.696
0.594			0.696	0.696
0.594			0.696	0.696
0.594			0.696	0.696
0.594			0.696	0.696
0.594			0.695	0.695
0.592			0.695	0.695
0.592			0.695	0.695
0.591			0.695	0.695
0.591			0.695	0.695
0.591			0.695	0.695
0.591			0.695	0.695
0.59			0.694	0.694
0.589			0.694	0.694
0.588			0.694	0.694
0.588			0.694	0.694
0.587			0.694	0.694
0.586			0.693	0.693
0.586			0.693	0.693
0.586			0.693	0.693
0.586			0.693	0.693
0.586			0.693	0.693
0.585			0.693	0.693
0.585			0.693	0.693
0.585			0.693	0.693
0.585			0.693	0.693
0.585			0.692	0.692
0.584			0.692	0.692
0.584			0.692	0.692
0.584			0.692	0.692
0.584			0.692	0.692
0.584			0.691	0.691
0.584			0.691	0.691
0.583			0.691	0.691
0.583			0.691	0.691
0.583			0.691	0.691
0.582			0.691	0.691
0.582			0.691	0.691
0.582			0.69	0.69
0.582			0.69	0.69
0.581			0.69	0.69
0.58			0.69	0.69
0.58			0.69	0.69
0.579			0.69	0.69
0.579			0.69	0.69
0.578			0.69	0.69
0.578			0.69	0.69
0.577			0.689	0.689
0.577			0.689	0.689
0.576			0.689	0.689
0.575			0.689	0.689
0.574			0.689	0.689
0.572			0.689	0.689
0.572			0.689	0.689
0.572			0.689	0.689
0.572			0.688	0.688
0.572			0.688	0.688
0.572			0.688	0.688
0.571			0.688	0.688
0.571			0.688	0.688
0.57			0.688	0.688
0.568			0.687	0.687
0.568			0.687	0.687
0.567			0.686	0.686
0.567			0.686	0.686
0.567			0.686	0.686
0.566			0.686	0.686
0.565			0.685	0.685
0.565			0.685	0.685
0.565			0.685	0.685
0.564			0.685	0.685
0.564			0.684	0.684
0.564			0.684	0.684
0.564			0.684	0.684
0.563			0.684	0.684
0.563			0.684	0.684
0.563			0.684	0.684
0.562			0.684	0.684
0.562			0.683	0.683
0.562			0.683	0.683
0.561			0.683	0.683
0.561			0.683	0.683
0.561			0.683	0.683
0.561			0.683	0.683
0.561			0.683	0.683
0.56			0.682	0.682
0.56			0.682	0.682
0.559			0.682	0.682
0.559			0.682	0.682
0.558			0.681	0.681
0.558			0.681	0.681
0.557			0.681	0.681
0.557			0.681	0.681
0.557			0.681	0.681
0.557			0.68	0.68
0.557			0.68	0.68
0.556			0.68	0.68
0.556			0.679	0.679
0.556			0.679	0.679
0.555			0.679	0.679
0.554			0.679	0.679
0.554			0.679	0.679
0.554			0.679	0.679
0.553			0.678	0.678
0.553			0.678	0.678
0.553			0.678	0.678
0.553			0.678	0.678
0.553			0.678	0.678
0.552			0.678	0.678
0.552			0.678	0.678
0.552			0.677	0.677
0.552			0.677	0.677
0.55			0.677	0.677
0.549			0.676	0.676
0.549			0.676	0.676
0.548			0.676	0.676
0.548			0.676	0.676
0.547			0.675	0.675
0.547			0.675	0.675
0.547			0.675	0.675
0.547			0.675	0.675
0.547			0.675	0.675
0.546			0.675	0.675
0.545			0.675	0.675
0.545			0.674	0.674
0.545			0.674	0.674
0.544			0.674	0.674
0.543			0.674	0.674
0.543			0.673	0.673
0.542			0.673	0.673
0.541			0.673	0.673
0.541			0.673	0.673
0.541			0.673	0.673
0.54			0.672	0.672
0.54			0.672	0.672
0.539			0.672	0.672
0.539			0.672	0.672
0.535			0.672	0.672
0.535			0.671	0.671
0.533			0.671	0.671
0.531			0.67	0.67
0.531			0.67	0.67
0.53			0.67	0.67
0.53			0.669	0.669
0.53			0.669	0.669
0.53			0.669	0.669
0.529			0.669	0.669
0.529			0.669	0.669
0.529			0.669	0.669
0.528			0.668	0.668
0.528			0.668	0.668
0.527			0.668	0.668
0.527			0.668	0.668
0.526			0.668	0.668
0.526			0.668	0.668
0.525			0.667	0.667
0.525			0.667	0.667
0.525			0.666	0.666
0.525			0.666	0.666
0.523			0.666	0.666
0.523			0.665	0.665
0.523			0.665	0.665
0.523			0.665	0.665
0.522			0.664	0.664
0.521			0.664	0.664
0.521			0.664	0.664
0.52			0.664	0.664
0.52			0.664	0.664
0.519			0.664	0.664
0.519			0.663	0.663
0.519			0.663	0.663
0.519			0.663	0.663
0.517			0.663	0.663
0.517			0.663	0.663
0.515			0.662	0.662
0.513			0.662	0.662
0.513			0.662	0.662
0.512			0.662	0.662
0.512			0.662	0.662
0.511			0.661	0.661
0.511			0.661	0.661
0.51			0.66	0.66
0.51			0.66	0.66
0.508			0.66	0.66
0.507			0.66	0.66
0.507			0.66	0.66
0.505			0.659	0.659
0.505			0.659	0.659
0.504			0.658	0.658
0.502			0.658	0.658
0.5			0.657	0.657
0.5			0.656	0.656
0.5			0.656	0.656
0.5			0.656	0.656
0.498			0.656	0.656
0.497			0.655	0.655
0.497			0.655	0.655
0.496			0.655	0.655
0.496			0.654	0.654
0.496			0.653	0.653
0.496			0.653	0.653
0.495			0.652	0.652
0.495			0.652	0.652
0.495			0.652	0.652
0.494			0.651	0.651
0.494			0.65	0.65
0.493			0.65	0.65
0.49			0.65	0.65
0.49			0.65	0.65
0.489			0.65	0.65
0.489			0.65	0.65
0.489			0.649	0.649
0.488			0.649	0.649
0.487			0.649	0.649
0.487			0.648	0.648
0.486			0.647	0.647
0.486			0.647	0.647
0.485			0.647	0.647
0.485			0.647	0.647
0.485			0.646	0.646
0.483			0.646	0.646
0.483			0.646	0.646
0.48			0.646	0.646
0.48			0.645	0.645
0.479			0.645	0.645
0.479			0.645	0.645
0.478			0.645	0.645
0.474			0.645	0.645
0.474			0.644	0.644
0.474			0.644	0.644
0.473			0.644	0.644
0.473			0.643	0.643
0.472			0.643	0.643
0.472			0.643	0.643
0.472			0.643	0.643
0.472			0.643	0.643
0.472			0.642	0.642
0.472			0.642	0.642
0.469			0.641	0.641
0.468			0.64	0.64
0.468			0.64	0.64
0.467			0.638	0.638
0.467			0.638	0.638
0.466			0.638	0.638
0.463			0.638	0.638
0.461			0.637	0.637
0.461			0.635	0.635
0.46			0.633	0.633
0.46			0.633	0.633
0.459			0.632	0.632
0.459			0.632	0.632
0.458			0.632	0.632
0.457			0.631	0.631
0.453			0.63	0.63
0.449			0.63	0.63
0.449			0.629	0.629
0.448			0.628	0.628
0.447			0.627	0.627
0.446			0.627	0.627
0.446			0.627	0.627
0.446			0.627	0.627
0.444			0.626	0.626
0.443			0.626	0.626
0.442			0.626	0.626
0.442			0.626	0.626
0.442			0.625	0.625
0.441			0.625	0.625
0.44			0.625	0.625
0.439			0.624	0.624
0.438			0.623	0.623
0.437			0.622	0.622
0.436			0.621	0.621
0.432			0.621	0.621
0.431			0.62	0.62
0.429			0.618	0.618
0.428			0.618	0.618
0.422			0.617	0.617
0.422			0.616	0.616
0.421			0.615	0.615
0.419			0.61	0.61
0.418			0.608	0.608
0.417			0.608	0.608
0.416			0.607	0.607
0.41			0.605	0.605
0.41			0.602	0.602
0.407			0.598	0.598
0.406			0.596	0.596
0.405			0.582	0.582
0.405			0.576	0.576
0.403			0.567	0.567
0.402				
0.4				
0.398				
0.398				
0.398				
0.396				
0.395				
0.394				
0.394				
0.393				
0.393				
0.388				
0.383				
0.379				
0.378				
0.373				
0.371				
0.37				
0.367				
0.366				
0.362				
0.36				
0.356				
0.348				
0.348				
0.303				
